1 2 3 4 18
2 1 4 30
3 1 4 5 37
4 1 2 3 5 6
5 3 4 7 8
6 4 8 28
7 5 8
8 5 6 7 9
9 8 10 12 16
10 9 16 27
11 12 13
12 9 11 15
13 11 14 18
14 13 15 18
15 12 14 16 17 18
16 9 10 15 17
17 15 16 18 19
18 13 14 15 1
19 17 20 24 25
20 19 21 25
21 20 22 25 26
22 21 23 40
23 22 26
24 19
25 19 20 21 26
26 21 23 25
27 10 28
28 6 27 29 30 31
29 28 31 32
30 2 28 31 33
31 28 29 30 32 33 34
32 29 31 34 40
33 25 30 31 34
34 31 32 33 35
35 34 36 37 38
36 35 37
37 3 35 36 38 39
38 35 37 39 40
39 37 38 40 41
40 22 32 38 39 41 42
41 39 40 42
42 40 41
